Blackjack.cpp H17 US peek rules
up card = 1
0	0.0828424
1	0.206593
2	0.206757
3	0.207262
4	0.0952641
5	0
6	0.201281
up card = 2
0	0.13109
1	0.136973
2	0.13263
3	0.128806
4	0.111902
5	0
6	0.358598
up card = 3
0	0.126833
1	0.132883
2	0.127609
3	0.125127
4	0.108773
5	0
6	0.378775
up card = 4
0	0.123345
1	0.126288
2	0.123505
3	0.120563
4	0.106148
5	0
6	0.40015
up card = 5
0	0.118892
1	0.123843
2	0.119019
3	0.114912
4	0.102176
5	0
6	0.421157
up card = 6
0	0.11584
1	0.115347
2	0.115817
3	0.112567
4	0.0997008
5	0
6	0.440728
up card = 7
0	0.369911
1	0.138653
2	0.0791501
3	0.0809083
4	0.0680642
5	0
6	0.263314
up card = 8
0	0.129663
1	0.360656
2	0.129449
3	0.0714454
4	0.0637183
5	0
6	0.245069
up card = 9
0	0.12031
1	0.117348
2	0.351854
3	0.120368
4	0.0608772
5	0
6	0.229242
up card = 10
0	0.121273
1	0.121007
2	0.121306
3	0.368447
4	0.0377289
5	0
6	0.230239
enhc.cpp S17 ENHC
up card = 1
0	0.130017
1	0.130822
2	0.130594
3	0.13091
4	0.0535035
5	0.308682
6	0.115473
up card = 2
0	0.139656
1	0.134389
2	0.13002
3	0.124019
4	0.118413
5	0
6	0.353504
up card = 3
0	0.134296
1	0.130539
2	0.125226
3	0.120817
4	0.114928
5	0
6	0.374194
up card = 4
0	0.130556
1	0.124062
2	0.121272
3	0.116441
4	0.111866
5	0
6	0.395805
up card = 5
0	0.121843
1	0.122437
2	0.117575
3	0.111793
4	0.107945
5	0
6	0.418406
up card = 6
0	0.165707
1	0.106194
2	0.106431
3	0.101551
4	0.0972756
5	0
6	0.422842
up card = 7
0	0.369208
1	0.137931
2	0.078428
3	0.0786816
4	0.0738158
5	0
6	0.261936
up card = 8
0	0.12894
1	0.359955
2	0.128723
3	0.0692189
4	0.0694701
5	0
6	0.243693
up card = 9
0	0.12031
1	0.117348
2	0.351854
3	0.120368
4	0.0608772
5	0
6	0.229242
up card = 10
0	0.111914
1	0.111669
2	0.111945
3	0.340014
4	0.0348174
5	0.0771704
6	0.212471
