up card = 1
0	0.188071
1	0.189235
2	0.188906
3	0.189362
4	0.0773935
5	0
6	0.167033
up card = 2
0	0.139656
1	0.134389
2	0.13002
3	0.124019
4	0.118413
5	0
6	0.353504
up card = 3
0	0.134296
1	0.130539
2	0.125226
3	0.120817
4	0.114928
5	0
6	0.374194
up card = 4
0	0.130556
1	0.124062
2	0.121272
3	0.116441
4	0.111866
5	0
6	0.395805
up card = 5
0	0.121843
1	0.122437
2	0.117575
3	0.111793
4	0.107945
5	0
6	0.418406
up card = 6
0	0.165707
1	0.106194
2	0.106431
3	0.101551
4	0.0972756
5	0
6	0.422842
up card = 7
0	0.369208
1	0.137931
2	0.078428
3	0.0786816
4	0.0738158
5	0
6	0.261936
up card = 8
0	0.12894
1	0.359955
2	0.128723
3	0.0692189
4	0.0694701
5	0
6	0.243693
up card = 9
0	0.12031
1	0.117348
2	0.351854
3	0.120368
4	0.0608772
5	0
6	0.229242
up card = 10
0	0.121273
1	0.121007
2	0.121306
3	0.368447
4	0.0377289
5	0
6	0.230239
