1, 1, 1, -0.666808, -0.020611, -0.622842, 0.470171
1, 1, 2, -0.291915, 0.082431, -0.069018, 0.856635
1, 1, 3, -0.251210, 0.104256, -0.004168, 0.901784
1, 1, 4, -0.209492, 0.127311, 0.062234, 0.948358
1, 1, 5, -0.165285, 0.157753, 0.130397, 0.995781
1, 1, 6, -0.151314, 0.186549, 0.183020, 1.040570
1, 1, 7, -0.474292, 0.165132, -0.181641, 0.821038
1, 1, 8, -0.509993, 0.094950, -0.313567, 0.704891
1, 1, 9, -0.541642, -0.000051, -0.454739, 0.577030
1, 1, 10, -0.539940, -0.068924, -0.511780, 0.511214
1, 2, 1, -0.666738, -0.057569, -0.622631, -1.000000
1, 2, 2, -0.292312, 0.046298, -0.070080, -1.000000
1, 2, 3, -0.251574, 0.073992, -0.005270, -1.000000
1, 2, 4, -0.209769, 0.102843, 0.061316, -1.000000
1, 2, 5, -0.164869, 0.134543, 0.130104, -1.000000
1, 2, 6, -0.151802, 0.161980, 0.182191, -1.000000
1, 2, 7, -0.474721, 0.121733, -0.182554, -1.000000
1, 2, 8, -0.510365, 0.053400, -0.314338, -1.000000
1, 2, 9, -0.541949, -0.036626, -0.452443, -1.000000
1, 2, 10, -0.540359, -0.104101, -0.512360, -1.000000
1, 3, 1, -0.666662, -0.094063, -0.622732, -1.000000
1, 3, 2, -0.292286, 0.022129, -0.070251, -1.000000
1, 3, 3, -0.251488, 0.050534, -0.006041, -1.000000
1, 3, 4, -0.209081, 0.080574, 0.060969, -1.000000
1, 3, 5, -0.164744, 0.113033, 0.129677, -1.000000
1, 3, 6, -0.151694, 0.139473, 0.181721, -1.000000
1, 3, 7, -0.474622, 0.078625, -0.183376, -1.000000
1, 3, 8, -0.510264, 0.014221, -0.311652, -1.000000
1, 3, 9, -0.542374, -0.074442, -0.453384, -1.000000
1, 3, 10, -0.540332, -0.138777, -0.512407, -1.000000
1, 4, 1, -0.666577, -0.130945, -0.623885, -1.000000
1, 4, 2, -0.292200, -0.000653, -0.071347, -1.000000
1, 4, 3, -0.250800, 0.028859, -0.006633, -1.000000
1, 4, 4, -0.208954, 0.059309, 0.059599, -1.000000
1, 4, 5, -0.164629, 0.092667, 0.128264, -1.000000
1, 4, 6, -0.151594, 0.118286, 0.180686, -1.000000
1, 4, 7, -0.474520, 0.036839, -0.181871, -1.000000
1, 4, 8, -0.510688, -0.027457, -0.314395, -1.000000
1, 4, 9, -0.542349, -0.112257, -0.454758, -1.000000
1, 4, 10, -0.540304, -0.173589, -0.513136, -1.000000
1, 5, 1, -0.666491, -0.167271, -0.625532, -1.000000
1, 5, 2, -0.291510, -0.021566, -0.072130, -1.000000
1, 5, 3, -0.250673, 0.008485, -0.007785, -1.000000
1, 5, 4, -0.208839, 0.039782, 0.058470, -1.000000
1, 5, 5, -0.164522, 0.073786, 0.126858, -1.000000
1, 5, 6, -0.151495, 0.099623, 0.181477, -1.000000
1, 5, 7, -0.474947, -0.005781, -0.183995, -1.000000
1, 5, 8, -0.510665, -0.067562, -0.315243, -1.000000
1, 5, 9, -0.542320, -0.149466, -0.456193, -1.000000
1, 5, 10, -0.540271, -0.208375, -0.515076, -1.000000
1, 6, 1, -0.478264, -0.180346, -0.536662, -1.000000
1, 6, 2, -0.151971, -0.000139, -0.006127, -1.000000
1, 6, 3, -0.116073, 0.029299, 0.055957, -1.000000
1, 6, 4, -0.078531, 0.060132, 0.120264, -1.000000
1, 6, 5, -0.042665, 0.093483, 0.186966, -1.000000
1, 6, 6, 0.011837, 0.128425, 0.256849, -1.000000
1, 6, 7, -0.105910, 0.054085, -0.012279, -1.000000
1, 6, 8, -0.382143, -0.072572, -0.253991, -1.000000
1, 6, 9, -0.422386, -0.149031, -0.398356, -1.000000
1, 6, 10, -0.419678, -0.196504, -0.457224, -1.000000
1, 7, 1, -0.100220, -0.093541, -0.362742, -1.000000
1, 7, 2, 0.122415, 0.063020, 0.120115, -1.000000
1, 7, 3, 0.149135, 0.090391, 0.178140, -1.000000
1, 7, 4, 0.177158, 0.120255, 0.240510, -1.000000
1, 7, 5, 0.200623, 0.148939, 0.297878, -1.000000
1, 7, 6, 0.282579, 0.190962, 0.381924, -1.000000
1, 7, 7, 0.400255, 0.171054, 0.221074, -1.000000
1, 7, 8, 0.106568, 0.040084, -0.029425, -1.000000
1, 7, 9, -0.183014, -0.100063, -0.288622, -1.000000
1, 7, 10, -0.178678, -0.143569, -0.345691, -1.000000
1, 8, 1, 0.278241, -0.006280, -0.189011, -1.000000
1, 8, 2, 0.386986, 0.123751, 0.241581, -1.000000
1, 8, 3, 0.405030, 0.150402, 0.298137, -1.000000
1, 8, 4, 0.422899, 0.176122, 0.352245, -1.000000
1, 8, 5, 0.440523, 0.204147, 0.408294, -1.000000
1, 8, 6, 0.495370, 0.239902, 0.479805, -1.000000
1, 8, 7, 0.615904, 0.220725, 0.320045, -1.000000
1, 8, 8, 0.594455, 0.152450, 0.194872, -1.000000
1, 8, 9, 0.287602, 0.007760, -0.072423, -1.000000
1, 8, 10, 0.063179, -0.088016, -0.235011, -1.000000
1, 9, 1, 0.656707, 0.080653, -0.015943, -1.000000
1, 9, 2, 0.640689, 0.182828, 0.359822, -1.000000
1, 9, 3, 0.650010, 0.205681, 0.408617, -1.000000
1, 9, 4, 0.660681, 0.230395, 0.460789, -1.000000
1, 9, 5, 0.670908, 0.256800, 0.513600, -1.000000
1, 9, 6, 0.703561, 0.287469, 0.574938, -1.000000
1, 9, 7, 0.773243, 0.256234, 0.390485, -1.000000
1, 9, 8, 0.791469, 0.196688, 0.283900, -1.000000
1, 9, 9, 0.758694, 0.115531, 0.142582, -1.000000
1, 9, 10, 0.554543, 0.024445, -0.010825, -1.000000
1, 10, 1, 1.500000, 0.143229, 0.109970, -1.000000
1, 10, 2, 1.500000, 0.238756, 0.471359, -1.000000
1, 10, 3, 1.500000, 0.260828, 0.518674, -1.000000
1, 10, 4, 1.500000, 0.283712, 0.567424, -1.000000
1, 10, 5, 1.500000, 0.308491, 0.616983, -1.000000
1, 10, 6, 1.500000, 0.334059, 0.668118, -1.000000
1, 10, 7, 1.500000, 0.291873, 0.463154, -1.000000
1, 10, 8, 1.500000, 0.229542, 0.349825, -1.000000
1, 10, 9, 1.500000, 0.157784, 0.227217, -1.000000
1, 10, 10, 1.500000, 0.118762, 0.177853, -1.000000
2, 2, 1, -0.666668, -0.253221, -1.333335, -0.407269
2, 2, 2, -0.292707, -0.114863, -0.585415, -0.087050
2, 2, 3, -0.251939, -0.082434, -0.503877, -0.022938
2, 2, 4, -0.210041, -0.048584, -0.420082, 0.046016
2, 2, 5, -0.164452, -0.010178, -0.328905, 0.133407
2, 2, 6, -0.152289, 0.012178, -0.304579, 0.198843
2, 2, 7, -0.475148, -0.088443, -0.950296, -0.006731
2, 2, 8, -0.510736, -0.158589, -1.021472, -0.174147
2, 2, 9, -0.542257, -0.239837, -1.084514, -0.364866
2, 2, 10, -0.540780, -0.288613, -1.081559, -0.473701
2, 3, 1, -0.666592, -0.279098, -1.333184, -1.000000
2, 3, 2, -0.292684, -0.128318, -0.585367, -1.000000
2, 3, 3, -0.251851, -0.095313, -0.503701, -1.000000
2, 3, 4, -0.209354, -0.060466, -0.418707, -1.000000
2, 3, 5, -0.164327, -0.021901, -0.328654, -1.000000
2, 3, 6, -0.152182, -0.000182, -0.304363, -1.000000
2, 3, 7, -0.475049, -0.119460, -0.950097, -1.000000
2, 3, 8, -0.510635, -0.187826, -1.021271, -1.000000
2, 3, 9, -0.542681, -0.266430, -1.085363, -1.000000
2, 3, 10, -0.540752, -0.313253, -1.081505, -1.000000
2, 4, 1, -0.666510, -0.305408, -1.304308, -1.000000
2, 4, 2, -0.292595, -0.141129, -0.563672, -1.000000
2, 4, 3, -0.251162, -0.107121, -0.481625, -1.000000
2, 4, 4, -0.209226, -0.072039, -0.398360, -1.000000
2, 4, 5, -0.164212, -0.032912, -0.309681, -1.000000
2, 4, 6, -0.152081, -0.011700, -0.278797, -1.000000
2, 4, 7, -0.474948, -0.152469, -0.892906, -1.000000
2, 4, 8, -0.511060, -0.217972, -1.002275, -1.000000
2, 4, 9, -0.542656, -0.293203, -1.066795, -1.000000
2, 4, 10, -0.540724, -0.338214, -1.062825, -1.000000
2, 5, 1, -0.666420, -0.311005, -1.130175, -1.000000
2, 5, 2, -0.291905, -0.108738, -0.434106, -1.000000
2, 5, 3, -0.251035, -0.075789, -0.357234, -1.000000
2, 5, 4, -0.209112, -0.041444, -0.278164, -1.000000
2, 5, 5, -0.164104, -0.004340, -0.196739, -1.000000
2, 5, 6, -0.151982, 0.031121, -0.134632, -1.000000
2, 5, 7, -0.475374, -0.068764, -0.588149, -1.000000
2, 5, 8, -0.511036, -0.210920, -0.847310, -1.000000
2, 5, 9, -0.542628, -0.285394, -0.955649, -1.000000
2, 5, 10, -0.540693, -0.319271, -0.951071, -1.000000
2, 6, 1, -0.665699, -0.198376, -0.810488, -1.000000
2, 6, 2, -0.292050, -0.021328, -0.202480, -1.000000
2, 6, 3, -0.251181, 0.008814, -0.133355, -1.000000
2, 6, 4, -0.209250, 0.040764, -0.062218, -1.000000
2, 6, 5, -0.164305, 0.073578, 0.009303, -1.000000
2, 6, 6, -0.153127, 0.115898, 0.088999, -1.000000
2, 6, 7, -0.475603, 0.082731, -0.185683, -1.000000
2, 6, 8, -0.511242, -0.059692, -0.451386, -1.000000
2, 6, 9, -0.542815, -0.210095, -0.717187, -1.000000
2, 6, 10, -0.540968, -0.249485, -0.746697, -1.000000
2, 7, 1, -0.665977, -0.066483, -0.431896, -1.000000
2, 7, 2, -0.292197, 0.074948, 0.063825, -1.000000
2, 7, 3, -0.251321, 0.102655, 0.124308, -1.000000
2, 7, 4, -0.209450, 0.130814, 0.186185, -1.000000
2, 7, 5, -0.165469, 0.159840, 0.247316, -1.000000
2, 7, 6, -0.153355, 0.196800, 0.319199, -1.000000
2, 7, 7, -0.475811, 0.172606, 0.107053, -1.000000
2, 7, 8, -0.511425, 0.098779, -0.025047, -1.000000
2, 7, 9, -0.543069, -0.052174, -0.299819, -1.000000
2, 7, 10, -0.539884, -0.153080, -0.465356, -1.000000
2, 8, 1, -0.666259, 0.081561, -0.012783, -1.000000
2, 8, 2, -0.292336, 0.183851, 0.361905, -1.000000
2, 8, 3, -0.251519, 0.207740, 0.412780, -1.000000
2, 8, 4, -0.210611, 0.231571, 0.463142, -1.000000
2, 8, 5, -0.165713, 0.258157, 0.516314, -1.000000
2, 8, 6, -0.153558, 0.288772, 0.577545, -1.000000
2, 8, 7, -0.475989, 0.257404, 0.393586, -1.000000
2, 8, 8, -0.511681, 0.198309, 0.286900, -1.000000
2, 8, 9, -0.542069, 0.116624, 0.145615, -1.000000
2, 8, 10, -0.540071, 0.025486, -0.008130, -1.000000
2, 9, 1, -0.666541, 0.144008, 0.112014, -1.000000
2, 9, 2, -0.292535, 0.239500, 0.473092, -1.000000
2, 9, 3, -0.252681, 0.260823, 0.518903, -1.000000
2, 9, 4, -0.210853, 0.283831, 0.567661, -1.000000
2, 9, 5, -0.165933, 0.308843, 0.617687, -1.000000
2, 9, 6, -0.153743, 0.334329, 0.668657, -1.000000
2, 9, 7, -0.476244, 0.292030, 0.462591, -1.000000
2, 9, 8, -0.510680, 0.229276, 0.349583, -1.000000
2, 9, 9, -0.542241, 0.157537, 0.227086, -1.000000
2, 9, 10, -0.540245, 0.118763, 0.178075, -1.000000
2, 10, 1, -0.667288, -0.350074, -2.000000, -1.000000
2, 10, 2, -0.293694, -0.252933, -2.000000, -1.000000
2, 10, 3, -0.252922, -0.232992, -2.000000, -1.000000
2, 10, 4, -0.211076, -0.212589, -2.000000, -1.000000
2, 10, 5, -0.166132, -0.191884, -2.000000, -1.000000
2, 10, 6, -0.153993, -0.169998, -2.000000, -1.000000
2, 10, 7, -0.475243, -0.212782, -2.000000, -1.000000
2, 10, 8, -0.510851, -0.271701, -2.000000, -1.000000
2, 10, 9, -0.542401, -0.340218, -2.000000, -1.000000
2, 10, 10, -0.540404, -0.379440, -2.000000, -1.000000
3, 3, 1, -0.666519, -0.305414, -1.304326, -0.456452
3, 3, 2, -0.292658, -0.141164, -0.563783, -0.137135
3, 3, 3, -0.251762, -0.107553, -0.482782, -0.061900
3, 3, 4, -0.208666, -0.071681, -0.397367, 0.019983
3, 3, 5, -0.164202, -0.032914, -0.309591, 0.109949
3, 3, 6, -0.152073, -0.011701, -0.278781, 0.173893
3, 3, 7, -0.474950, -0.152484, -0.892907, -0.067250
3, 3, 8, -0.510534, -0.217811, -1.001226, -0.229712
3, 3, 9, -0.543106, -0.293418, -1.067694, -0.414497
3, 3, 10, -0.540725, -0.338076, -1.062826, -0.520339
3, 4, 1, -0.666434, -0.311615, -1.130198, -1.000000
3, 4, 2, -0.292569, -0.109626, -0.435071, -1.000000
3, 4, 3, -0.251074, -0.076632, -0.357749, -1.000000
3, 4, 4, -0.208539, -0.041764, -0.277443, -1.000000
3, 4, 5, -0.164086, -0.004705, -0.196347, -1.000000
3, 4, 6, -0.151973, 0.030625, -0.134533, -1.000000
3, 4, 7, -0.474849, -0.068902, -0.587093, -1.000000
3, 4, 8, -0.510959, -0.211395, -0.847159, -1.000000
3, 4, 9, -0.543081, -0.286286, -0.956549, -1.000000
3, 4, 10, -0.540699, -0.319868, -0.951078, -1.000000
3, 5, 1, -0.666344, -0.197923, -0.810108, -1.000000
3, 5, 2, -0.291879, -0.021409, -0.202535, -1.000000
3, 5, 3, -0.250947, 0.008708, -0.133417, -1.000000
3, 5, 4, -0.208423, 0.041046, -0.061361, -1.000000
3, 5, 5, -0.163979, 0.074022, 0.010338, -1.000000
3, 5, 6, -0.151874, 0.117260, 0.091836, -1.000000
3, 5, 7, -0.475276, 0.082695, -0.185000, -1.000000
3, 5, 8, -0.510935, -0.059767, -0.450805, -1.000000
3, 5, 9, -0.543054, -0.210539, -0.717667, -1.000000
3, 5, 10, -0.540666, -0.249516, -0.746207, -1.000000
3, 6, 1, -0.665623, -0.066437, -0.431882, -1.000000
3, 6, 2, -0.292024, 0.075366, 0.063676, -1.000000
3, 6, 3, -0.251091, 0.103049, 0.124139, -1.000000
3, 6, 4, -0.208563, 0.131670, 0.187009, -1.000000
3, 6, 5, -0.164180, 0.161589, 0.249898, -1.000000
3, 6, 6, -0.153019, 0.197741, 0.320109, -1.000000
3, 6, 7, -0.475504, 0.173125, 0.107751, -1.000000
3, 6, 8, -0.511143, 0.099210, -0.024564, -1.000000
3, 6, 9, -0.543239, -0.052135, -0.300348, -1.000000
3, 6, 10, -0.540940, -0.152505, -0.465899, -1.000000
3, 7, 1, -0.665901, 0.081561, -0.012101, -1.000000
3, 7, 2, -0.292169, 0.184023, 0.362163, -1.000000
3, 7, 3, -0.251233, 0.207994, 0.413252, -1.000000
3, 7, 4, -0.208763, 0.233073, 0.466147, -1.000000
3, 7, 5, -0.165344, 0.258693, 0.517385, -1.000000
3, 7, 6, -0.153246, 0.289304, 0.578607, -1.000000
3, 7, 7, -0.475714, 0.257938, 0.395123, -1.000000
3, 7, 8, -0.511324, 0.198774, 0.288397, -1.000000
3, 7, 9, -0.543493, 0.116577, 0.144758, -1.000000
3, 7, 10, -0.539857, 0.025454, -0.007739, -1.000000
3, 8, 1, -0.666182, 0.144042, 0.112784, -1.000000
3, 8, 2, -0.292311, 0.239738, 0.473555, -1.000000
3, 8, 3, -0.251431, 0.261976, 0.521251, -1.000000
3, 8, 4, -0.209924, 0.284455, 0.568910, -1.000000
3, 8, 5, -0.165588, 0.309350, 0.618699, -1.000000
3, 8, 6, -0.153452, 0.334780, 0.669559, -1.000000
3, 8, 7, -0.475890, 0.292155, 0.463383, -1.000000
3, 8, 8, -0.511580, 0.229563, 0.349713, -1.000000
3, 8, 9, -0.542493, 0.157392, 0.227175, -1.000000
3, 8, 10, -0.540044, 0.118996, 0.178965, -1.000000
3, 9, 1, -0.666465, -0.351310, -2.000000, -1.000000
3, 9, 2, -0.292509, -0.254004, -2.000000, -1.000000
3, 9, 3, -0.252593, -0.234667, -2.000000, -1.000000
3, 9, 4, -0.210167, -0.214087, -2.000000, -1.000000
3, 9, 5, -0.165810, -0.193460, -2.000000, -1.000000
3, 9, 6, -0.153634, -0.171594, -2.000000, -1.000000
3, 9, 7, -0.476146, -0.214453, -2.000000, -1.000000
3, 9, 8, -0.510579, -0.273682, -2.000000, -1.000000
3, 9, 9, -0.542665, -0.342456, -2.000000, -1.000000
3, 9, 10, -0.540216, -0.381465, -2.000000, -1.000000
3, 10, 1, -0.667212, -0.396427, -2.000000, -1.000000
3, 10, 2, -0.293668, -0.307592, -2.000000, -1.000000
3, 10, 3, -0.252834, -0.290785, -2.000000, -1.000000
3, 10, 4, -0.210392, -0.273417, -2.000000, -1.000000
3, 10, 5, -0.166007, -0.256306, -2.000000, -1.000000
3, 10, 6, -0.153885, -0.235333, -2.000000, -1.000000
3, 10, 7, -0.475144, -0.269130, -2.000000, -1.000000
3, 10, 8, -0.510751, -0.323853, -2.000000, -1.000000
3, 10, 9, -0.542824, -0.385833, -2.000000, -1.000000
3, 10, 10, -0.540377, -0.423761, -2.000000, -1.000000
4, 4, 1, -0.666349, -0.197497, -0.810119, -0.507561
4, 4, 2, -0.292480, -0.021199, -0.203183, -0.165957
4, 4, 3, -0.250386, 0.009086, -0.133355, -0.087806
4, 4, 4, -0.208410, 0.041533, -0.061318, -0.005666
4, 4, 5, -0.163970, 0.074611, 0.010639, 0.088194
4, 4, 6, -0.151872, 0.117768, 0.091934, 0.150447
4, 4, 7, -0.474748, 0.083517, -0.183964, -0.130510
4, 4, 8, -0.511383, -0.059657, -0.451696, -0.287018
4, 4, 9, -0.543058, -0.210096, -0.717663, -0.466445
4, 4, 10, -0.540670, -0.249036, -0.746208, -0.568709
4, 5, 1, -0.666259, -0.065921, -0.431394, -1.000000
4, 5, 2, -0.291790, 0.075491, 0.063852, -1.000000
4, 5, 3, -0.250258, 0.103219, 0.124573, -1.000000
4, 5, 4, -0.208296, 0.131799, 0.187269, -1.000000
4, 5, 5, -0.163863, 0.162072, 0.250873, -1.000000
4, 5, 6, -0.151774, 0.199151, 0.322931, -1.000000
4, 5, 7, -0.475175, 0.173179, 0.108399, -1.000000
4, 5, 8, -0.511362, 0.098837, -0.025009, -1.000000
4, 5, 9, -0.543029, -0.052183, -0.299924, -1.000000
4, 5, 10, -0.540637, -0.152347, -0.465416, -1.000000
4, 6, 1, -0.665538, 0.081271, -0.011675, -1.000000
4, 6, 2, -0.291933, 0.184202, 0.362516, -1.000000
4, 6, 3, -0.250403, 0.208219, 0.413762, -1.000000
4, 6, 4, -0.208436, 0.233365, 0.466730, -1.000000
4, 6, 5, -0.164064, 0.260055, 0.520110, -1.000000
4, 6, 6, -0.152919, 0.289913, 0.579826, -1.000000
4, 6, 7, -0.475405, 0.258305, 0.396483, -1.000000
4, 6, 8, -0.511567, 0.198456, 0.288121, -1.000000
4, 6, 9, -0.543214, 0.116595, 0.145356, -1.000000
4, 6, 10, -0.540912, 0.025666, -0.007908, -1.000000
4, 7, 1, -0.665815, 0.144065, 0.113569, -1.000000
4, 7, 2, -0.292080, 0.239994, 0.474064, -1.000000
4, 7, 3, -0.250545, 0.262427, 0.522212, -1.000000
4, 7, 4, -0.208636, 0.285781, 0.571561, -1.000000
4, 7, 5, -0.165228, 0.309899, 0.619798, -1.000000
4, 7, 6, -0.153148, 0.335275, 0.670550, -1.000000
4, 7, 7, -0.475613, 0.292380, 0.464340, -1.000000
4, 7, 8, -0.511748, 0.229630, 0.350221, -1.000000
4, 7, 9, -0.543468, 0.157843, 0.227604, -1.000000
4, 7, 10, -0.539829, 0.119007, 0.179400, -1.000000
4, 8, 1, -0.666097, -0.351363, -2.000000, -1.000000
4, 8, 2, -0.292222, -0.253689, -2.000000, -1.000000
4, 8, 3, -0.250744, -0.233492, -2.000000, -1.000000
4, 8, 4, -0.209797, -0.213580, -2.000000, -1.000000
4, 8, 5, -0.165475, -0.192969, -2.000000, -1.000000
4, 8, 6, -0.153352, -0.171152, -2.000000, -1.000000
4, 8, 7, -0.475789, -0.214360, -2.000000, -1.000000
4, 8, 8, -0.512004, -0.273802, -2.000000, -1.000000
4, 8, 9, -0.542468, -0.342616, -2.000000, -1.000000
4, 8, 10, -0.540014, -0.381325, -2.000000, -1.000000
4, 9, 1, -0.666381, -0.395916, -2.000000, -1.000000
4, 9, 2, -0.292421, -0.307063, -2.000000, -1.000000
4, 9, 3, -0.251905, -0.290633, -2.000000, -1.000000
4, 9, 4, -0.210041, -0.273290, -2.000000, -1.000000
4, 9, 5, -0.165694, -0.256178, -2.000000, -1.000000
4, 9, 6, -0.153534, -0.235258, -2.000000, -1.000000
4, 9, 7, -0.476045, -0.269280, -2.000000, -1.000000
4, 9, 8, -0.511003, -0.324321, -2.000000, -1.000000
4, 9, 9, -0.542639, -0.386113, -2.000000, -1.000000
4, 9, 10, -0.540188, -0.424045, -2.000000, -1.000000
4, 10, 1, -0.667127, -0.439950, -2.000000, -1.000000
4, 10, 2, -0.293579, -0.362473, -2.000000, -1.000000
4, 10, 3, -0.252149, -0.349024, -2.000000, -1.000000
4, 10, 4, -0.210264, -0.334991, -2.000000, -1.000000
4, 10, 5, -0.165892, -0.321092, -2.000000, -1.000000
4, 10, 6, -0.153785, -0.301096, -2.000000, -1.000000
4, 10, 7, -0.475043, -0.322259, -2.000000, -1.000000
4, 10, 8, -0.511173, -0.371229, -2.000000, -1.000000
4, 10, 9, -0.542799, -0.430126, -2.000000, -1.000000
4, 10, 10, -0.540349, -0.465354, -2.000000, -1.000000
5, 5, 1, -0.666170, 0.081733, -0.011128, -0.560695
5, 5, 2, -0.291099, 0.184507, 0.363197, -0.191826
5, 5, 3, -0.250130, 0.208443, 0.414208, -0.113806
5, 5, 4, -0.208181, 0.233472, 0.466945, -0.028049
5, 5, 5, -0.163757, 0.260410, 0.520820, 0.066472
5, 5, 6, -0.151676, 0.291257, 0.582515, 0.127963
5, 5, 7, -0.475603, 0.257949, 0.396111, -0.193802
5, 5, 8, -0.511338, 0.198428, 0.288567, -0.346767
5, 5, 9, -0.543001, 0.116557, 0.145779, -0.521019
5, 5, 10, -0.540604, 0.025737, -0.007434, -0.619500
5, 6, 1, -0.665447, 0.144136, 0.114461, -1.000000
5, 6, 2, -0.291244, 0.240544, 0.475239, -1.000000
5, 6, 3, -0.250276, 0.262862, 0.523082, -1.000000
5, 6, 4, -0.208321, 0.286206, 0.572412, -1.000000
5, 6, 5, -0.163957, 0.311297, 0.622593, -1.000000
5, 6, 6, -0.152823, 0.335975, 0.671949, -1.000000
5, 6, 7, -0.475832, 0.292541, 0.464968, -1.000000
5, 6, 8, -0.511544, 0.230048, 0.351531, -1.000000
5, 6, 9, -0.543186, 0.158013, 0.228466, -1.000000
5, 6, 10, -0.540879, 0.119217, 0.179428, -1.000000
5, 7, 1, -0.665726, -0.351386, -2.000000, -1.000000
5, 7, 2, -0.291391, -0.253358, -2.000000, -1.000000
5, 7, 3, -0.250418, -0.233159, -2.000000, -1.000000
5, 7, 4, -0.208521, -0.212574, -2.000000, -1.000000
5, 7, 5, -0.165123, -0.192552, -2.000000, -1.000000
5, 7, 6, -0.153050, -0.170847, -2.000000, -1.000000
5, 7, 7, -0.476040, -0.214834, -2.000000, -1.000000
5, 7, 8, -0.511724, -0.273839, -2.000000, -1.000000
5, 7, 9, -0.543439, -0.342318, -2.000000, -1.000000
5, 7, 10, -0.539794, -0.381254, -2.000000, -1.000000
5, 8, 1, -0.666008, -0.398274, -2.000000, -1.000000
5, 8, 2, -0.291533, -0.308916, -2.000000, -1.000000
5, 8, 3, -0.250617, -0.291901, -2.000000, -1.000000
5, 8, 4, -0.209684, -0.275078, -2.000000, -1.000000
5, 8, 5, -0.165368, -0.257962, -2.000000, -1.000000
5, 8, 6, -0.153253, -0.237121, -2.000000, -1.000000
5, 8, 7, -0.476216, -0.271769, -2.000000, -1.000000
5, 8, 8, -0.511981, -0.326546, -2.000000, -1.000000
5, 8, 9, -0.542438, -0.388393, -2.000000, -1.000000
5, 8, 10, -0.539981, -0.426293, -2.000000, -1.000000
5, 9, 1, -0.666292, -0.439732, -2.000000, -1.000000
5, 9, 2, -0.291731, -0.362041, -2.000000, -1.000000
5, 9, 3, -0.251780, -0.349020, -2.000000, -1.000000
5, 9, 4, -0.209927, -0.334981, -2.000000, -1.000000
5, 9, 5, -0.165588, -0.321077, -2.000000, -1.000000
5, 9, 6, -0.153436, -0.301087, -2.000000, -1.000000
5, 9, 7, -0.476471, -0.322508, -2.000000, -1.000000
5, 9, 8, -0.510978, -0.371808, -2.000000, -1.000000
5, 9, 9, -0.542611, -0.430704, -2.000000, -1.000000
5, 9, 10, -0.540155, -0.465706, -2.000000, -1.000000
5, 10, 1, -0.667039, -0.480637, -2.000000, -1.000000
5, 10, 2, -0.292892, -0.417517, -2.000000, -1.000000
5, 10, 3, -0.252022, -0.407336, -2.000000, -1.000000
5, 10, 4, -0.210150, -0.396685, -2.000000, -1.000000
5, 10, 5, -0.165785, -0.386151, -2.000000, -1.000000
5, 10, 6, -0.153687, -0.366861, -2.000000, -1.000000
5, 10, 7, -0.475468, -0.369513, -2.000000, -1.000000
5, 10, 8, -0.511150, -0.416818, -2.000000, -1.000000
5, 10, 9, -0.542771, -0.471760, -2.000000, -1.000000
5, 10, 10, -0.540316, -0.504302, -2.000000, -1.000000
6, 6, 1, -0.664728, -0.351968, -2.000000, -0.609461
6, 6, 2, -0.291389, -0.253372, -2.000000, -0.214796
6, 6, 3, -0.250421, -0.233180, -2.000000, -0.131288
6, 6, 4, -0.208461, -0.212510, -2.000000, -0.042294
6, 6, 5, -0.164161, -0.191876, -2.000000, 0.052924
6, 6, 6, -0.153968, -0.171499, -2.000000, 0.110577
6, 6, 7, -0.476060, -0.215124, -2.000000, -0.254442
6, 6, 8, -0.511749, -0.273868, -2.000000, -0.400920
6, 6, 9, -0.543371, -0.342133, -2.000000, -0.569234
6, 6, 10, -0.541150, -0.381313, -2.000000, -0.665175
6, 7, 1, -0.665007, -0.398894, -2.000000, -1.000000
6, 7, 2, -0.291537, -0.308954, -2.000000, -1.000000
6, 7, 3, -0.250564, -0.291864, -2.000000, -1.000000
6, 7, 4, -0.208663, -0.274424, -2.000000, -1.000000
6, 7, 5, -0.165324, -0.257899, -2.000000, -1.000000
6, 7, 6, -0.154195, -0.237667, -2.000000, -1.000000
6, 7, 7, -0.476268, -0.271843, -2.000000, -1.000000
6, 7, 8, -0.511930, -0.326899, -2.000000, -1.000000
6, 7, 9, -0.543621, -0.388625, -2.000000, -1.000000
6, 7, 10, -0.540069, -0.426441, -2.000000, -1.000000
6, 8, 1, -0.665290, -0.440386, -2.000000, -1.000000
6, 8, 2, -0.291678, -0.362237, -2.000000, -1.000000
6, 8, 3, -0.250764, -0.348672, -2.000000, -1.000000
6, 8, 4, -0.209824, -0.335071, -2.000000, -1.000000
6, 8, 5, -0.165569, -0.321228, -2.000000, -1.000000
6, 8, 6, -0.154399, -0.301753, -2.000000, -1.000000
6, 8, 7, -0.476444, -0.322533, -2.000000, -1.000000
6, 8, 8, -0.512183, -0.371788, -2.000000, -1.000000
6, 8, 9, -0.542623, -0.431191, -2.000000, -1.000000
6, 8, 10, -0.540256, -0.466244, -2.000000, -1.000000
6, 9, 1, -0.665574, -0.480510, -2.000000, -1.000000
6, 9, 2, -0.291879, -0.417252, -2.000000, -1.000000
6, 9, 3, -0.251926, -0.407442, -2.000000, -1.000000
6, 9, 4, -0.210067, -0.396775, -2.000000, -1.000000
6, 9, 5, -0.165789, -0.386297, -2.000000, -1.000000
6, 9, 6, -0.154581, -0.367448, -2.000000, -1.000000
6, 9, 7, -0.476697, -0.369459, -2.000000, -1.000000
6, 9, 8, -0.511184, -0.416970, -2.000000, -1.000000
6, 9, 9, -0.542796, -0.471944, -2.000000, -1.000000
6, 9, 10, -0.540430, -0.504702, -2.000000, -1.000000
6, 10, 1, -0.666321, -0.516539, -2.000000, -1.000000
6, 10, 2, -0.293037, -0.470729, -2.000000, -1.000000
6, 10, 3, -0.252167, -0.463653, -2.000000, -1.000000
6, 10, 4, -0.210289, -0.456221, -2.000000, -1.000000
6, 10, 5, -0.165986, -0.449316, -2.000000, -1.000000
6, 10, 6, -0.154829, -0.429289, -2.000000, -1.000000
6, 10, 7, -0.475697, -0.412944, -2.000000, -1.000000
6, 10, 8, -0.511356, -0.456859, -2.000000, -1.000000
6, 10, 9, -0.542957, -0.507899, -2.000000, -1.000000
6, 10, 10, -0.540591, -0.538304, -2.000000, -1.000000
7, 7, 1, -0.665286, -0.442323, -2.000000, -0.619576
7, 7, 2, -0.291684, -0.364298, -2.000000, -0.151987
7, 7, 3, -0.250708, -0.350653, -2.000000, -0.070166
7, 7, 4, -0.208863, -0.336580, -2.000000, 0.017217
7, 7, 5, -0.166488, -0.323718, -2.000000, 0.104540
7, 7, 6, -0.154422, -0.303787, -2.000000, 0.189250
7, 7, 7, -0.476476, -0.324400, -2.000000, -0.089306
7, 7, 8, -0.512108, -0.373647, -2.000000, -0.389117
7, 7, 9, -0.543875, -0.433012, -2.000000, -0.555511
7, 7, 10, -0.538988, -0.468645, -2.000000, -0.628578
7, 8, 1, -0.665569, -0.478597, -2.000000, -1.000000
7, 8, 2, -0.291828, -0.415389, -2.000000, -1.000000
7, 8, 3, -0.250907, -0.405106, -2.000000, -1.000000
7, 8, 4, -0.210024, -0.394881, -2.000000, -1.000000
7, 8, 5, -0.166733, -0.384861, -2.000000, -1.000000
7, 8, 6, -0.154626, -0.365622, -2.000000, -1.000000
7, 8, 7, -0.476649, -0.367613, -2.000000, -1.000000
7, 8, 8, -0.512364, -0.415044, -2.000000, -1.000000
7, 8, 9, -0.542877, -0.470226, -2.000000, -1.000000
7, 8, 10, -0.539175, -0.503044, -2.000000, -1.000000
7, 9, 1, -0.665852, -0.515892, -2.000000, -1.000000
7, 9, 2, -0.292026, -0.470303, -2.000000, -1.000000
7, 9, 3, -0.252068, -0.463528, -2.000000, -1.000000
7, 9, 4, -0.210267, -0.456152, -2.000000, -1.000000
7, 9, 5, -0.166953, -0.449634, -2.000000, -1.000000
7, 9, 6, -0.154806, -0.429303, -2.000000, -1.000000
7, 9, 7, -0.476905, -0.412887, -2.000000, -1.000000
7, 9, 8, -0.511366, -0.457008, -2.000000, -1.000000
7, 9, 9, -0.543050, -0.508032, -2.000000, -1.000000
7, 9, 10, -0.539349, -0.538514, -2.000000, -1.000000
7, 10, 1, -0.477520, -0.557035, -2.000000, -1.000000
7, 10, 2, -0.153231, -0.536258, -2.000000, -1.000000
7, 10, 3, -0.117302, -0.531914, -2.000000, -1.000000
7, 10, 4, -0.079803, -0.527400, -2.000000, -1.000000
7, 10, 5, -0.044854, -0.521554, -2.000000, -1.000000
7, 10, 6, 0.010733, -0.507525, -2.000000, -1.000000
7, 10, 7, -0.107419, -0.481961, -2.000000, -1.000000
7, 10, 8, -0.382644, -0.504491, -2.000000, -1.000000
7, 10, 9, -0.422864, -0.552417, -2.000000, -1.000000
7, 10, 10, -0.419341, -0.583186, -2.000000, -1.000000
8, 8, 1, -0.665851, -0.515865, -2.000000, -0.391414
8, 8, 2, -0.291969, -0.470248, -2.000000, 0.022455
8, 8, 3, -0.251105, -0.463145, -2.000000, 0.090299
8, 8, 4, -0.211185, -0.456467, -2.000000, 0.158616
8, 8, 5, -0.166977, -0.449638, -2.000000, 0.231488
8, 8, 6, -0.154827, -0.429305, -2.000000, 0.326229
8, 8, 7, -0.476826, -0.412891, -2.000000, 0.213610
8, 8, 8, -0.512621, -0.456941, -2.000000, -0.086756
8, 8, 9, -0.541880, -0.508241, -2.000000, -0.405266
8, 8, 10, -0.539362, -0.538505, -2.000000, -0.487661
8, 9, 1, -0.476795, -0.556473, -2.000000, -1.000000
8, 9, 2, -0.152211, -0.535899, -2.000000, -1.000000
8, 9, 3, -0.117273, -0.531847, -2.000000, -1.000000
8, 9, 4, -0.080736, -0.527643, -2.000000, -1.000000
8, 9, 5, -0.044895, -0.521556, -2.000000, -1.000000
8, 9, 6, 0.010718, -0.507535, -2.000000, -1.000000
8, 9, 7, -0.107693, -0.481877, -2.000000, -1.000000
8, 9, 8, -0.383613, -0.504558, -2.000000, -1.000000
8, 9, 9, -0.422596, -0.552640, -2.000000, -1.000000
8, 9, 10, -0.418321, -0.583248, -2.000000, -1.000000
8, 10, 1, -0.099326, -0.626661, -2.000000, -1.000000
8, 10, 2, 0.121571, -0.622926, -2.000000, -1.000000
8, 10, 3, 0.148191, -0.620661, -2.000000, -1.000000
8, 10, 4, 0.175322, -0.616492, -2.000000, -1.000000
8, 10, 5, 0.199715, -0.614100, -2.000000, -1.000000
8, 10, 6, 0.282724, -0.606461, -2.000000, -1.000000
8, 10, 7, 0.399011, -0.590010, -2.000000, -1.000000
8, 10, 8, 0.105378, -0.589845, -2.000000, -1.000000
8, 10, 9, -0.183767, -0.615427, -2.000000, -1.000000
8, 10, 10, -0.177179, -0.646559, -2.000000, -1.000000
9, 9, 1, -0.098076, -0.626223, -2.000000, -0.128652
9, 9, 2, 0.122486, -0.622688, -2.000000, 0.185563
9, 9, 3, 0.147277, -0.620834, -2.000000, 0.240983
9, 9, 4, 0.175312, -0.616492, -2.000000, 0.301257
9, 9, 5, 0.199704, -0.614099, -2.000000, 0.364579
9, 9, 6, 0.282668, -0.606466, -2.000000, 0.442124
9, 9, 7, 0.399552, -0.589962, -2.000000, 0.369711
9, 9, 8, 0.103953, -0.589892, -2.000000, 0.214198
9, 9, 9, -0.183780, -0.615492, -2.000000, -0.094102
9, 9, 10, -0.176146, -0.646630, -2.000000, -0.294874
9, 10, 1, 0.279085, -0.725508, -2.000000, -1.000000
9, 10, 2, 0.386270, -0.730053, -2.000000, -1.000000
9, 10, 3, 0.403434, -0.727297, -2.000000, -1.000000
9, 10, 4, 0.422235, -0.726217, -2.000000, -1.000000
9, 10, 5, 0.439884, -0.725180, -2.000000, -1.000000
9, 10, 6, 0.495426, -0.721809, -2.000000, -1.000000
9, 10, 7, 0.615700, -0.714647, -2.000000, -1.000000
9, 10, 8, 0.593028, -0.712886, -2.000000, -1.000000
9, 10, 9, 0.286495, -0.714737, -2.000000, -1.000000
9, 10, 10, 0.065006, -0.728642, -2.000000, -1.000000
10, 10, 1, 0.655204, -0.853559, -2.000000, 0.247582
10, 10, 2, 0.639357, -0.854826, -2.000000, 0.457819
10, 10, 3, 0.649588, -0.854568, -2.000000, 0.504761
10, 10, 4, 0.660274, -0.854311, -2.000000, 0.553227
10, 10, 5, 0.670519, -0.854060, -2.000000, 0.605621
10, 10, 6, 0.703617, -0.853221, -2.000000, 0.665129
10, 10, 7, 0.772870, -0.851432, -2.000000, 0.600894
10, 10, 8, 0.791398, -0.851077, -2.000000, 0.481685
10, 10, 9, 0.757677, -0.850417, -2.000000, 0.317149
10, 10, 10, 0.555913, -0.848614, -2.000000, 0.133857
Total probability   = 	1.000000
Game Expected Value = 	0.038614
Hard Totals
2+3	H,H,H,H,H,H,H,H,H,H
2+4	H,H,H,H,H,H,H,H,H,H
2+5	H,H,H,H,H,H,H,H,H,H
2+6	H,H,H,H,H,H,H,H,H,H
2+7	H,D,D,D,D,H,H,H,H,H
2+8	D,D,D,D,D,D,D,D,H,H
2+9	D,D,D,D,D,D,D,D,D,H
2+10	H,H,S,S,S,H,H,H,H,H
3+4	H,H,H,H,H,H,H,H,H,H
3+5	H,H,H,H,H,H,H,H,H,H
3+6	H,D,D,D,D,H,H,H,H,H
3+7	D,D,D,D,D,D,D,D,H,H
3+8	D,D,D,D,D,D,D,D,D,H
3+9	H,H,S,S,S,H,H,H,H,H
3+10	S,S,S,S,S,H,H,H,H,H
4+5	H,D,D,D,D,H,H,H,H,H
4+6	D,D,D,D,D,D,D,D,H,H
4+7	D,D,D,D,D,D,D,D,D,H
4+8	H,H,S,S,S,H,H,H,H,H
4+9	S,S,S,S,S,H,H,H,H,H
4+10	S,S,S,S,S,H,H,H,H,H
5+6	D,D,D,D,D,D,D,D,D,H
5+7	H,H,S,S,S,H,H,H,H,H
5+8	S,S,S,S,S,H,H,H,H,H
5+9	S,S,S,S,S,H,H,H,H,H
5+10	S,S,S,S,S,H,H,H,R,H
6+7	S,S,S,S,S,H,H,H,H,H
6+8	S,S,S,S,S,H,H,H,H,H
6+9	S,S,S,S,S,H,H,H,R,H
6+10	S,S,S,S,S,H,H,R,R,R
7+8	S,S,S,S,S,H,H,H,R,H
7+9	S,S,S,S,S,H,H,R,R,R
7+10	S,S,S,S,S,S,S,S,S,S
8+9	S,S,S,S,S,S,S,S,S,S
8+10	S,S,S,S,S,S,S,S,S,S
9+10	S,S,S,S,S,S,S,S,S,S
Soft Totals
1+2	H,H,H,H,D,H,H,H,H,H
1+3	H,H,H,D,D,H,H,H,H,H
1+4	H,H,D,D,D,H,H,H,H,H
1+5	H,H,D,D,D,H,H,H,H,H
1+6	H,D,D,D,D,H,H,H,H,H
1+7	S,D,D,D,D,S,S,H,H,H
1+8	S,S,S,S,S,S,S,S,S,S
1+9	S,S,S,S,S,S,S,S,S,S
1+10	S,S,S,S,S,S,S,S,S,S
Pairs
1+1	P,P,P,P,P,P,P,P,P,P
2+2	P,P,P,P,P,P,H,H,H,H
3+3	P,P,P,P,P,P,H,H,H,H
4+4	H,H,H,P,P,H,H,H,H,H
5+5	D,D,D,D,D,D,D,D,H,H
6+6	P,P,P,P,P,H,H,H,H,H
7+7	P,P,P,P,P,P,H,H,H,H
8+8	P,P,P,P,P,P,P,P,P,P
9+9	P,P,P,P,P,S,P,P,S,S
10+10	S,S,S,S,S,S,S,S,S,S
