1, 1, 1, -0.597555, -0.063480, -0.584260, 0.118512
1, 1, 2, -0.284008, 0.082026, -0.060073, 0.485375
1, 1, 3, -0.243667, 0.104450, 0.005586, 0.532737
1, 1, 4, -0.200841, 0.129292, 0.073672, 0.582300
1, 1, 5, -0.158751, 0.160827, 0.141840, 0.633712
1, 1, 6, -0.115159, 0.189536, 0.206312, 0.679649
1, 1, 7, -0.471742, 0.164333, -0.176403, 0.475600
1, 1, 8, -0.508761, 0.094585, -0.311501, 0.359708
1, 1, 9, -0.538085, -0.000333, -0.450881, 0.237754
1, 1, 10, -0.538797, -0.066300, -0.506508, 0.182301
1, 2, 1, -0.597220, -0.099197, -0.583356, -1.000000
1, 2, 2, -0.285091, 0.045611, -0.063455, -1.000000
1, 2, 3, -0.244670, 0.073770, 0.001962, -1.000000
1, 2, 4, -0.201766, 0.104348, 0.070634, -1.000000
1, 2, 5, -0.157113, 0.137618, 0.141030, -1.000000
1, 2, 6, -0.115391, 0.166485, 0.204216, -1.000000
1, 2, 7, -0.473185, 0.120174, -0.179483, -1.000000
1, 2, 8, -0.510013, 0.051835, -0.314099, -1.000000
1, 2, 9, -0.539111, -0.034089, -0.443187, -1.000000
1, 2, 10, -0.540188, -0.102295, -0.508420, -1.000000
1, 3, 1, -0.596877, -0.133976, -0.582803, -1.000000
1, 3, 2, -0.285009, 0.022101, -0.063913, -1.000000
1, 3, 3, -0.244578, 0.050358, -0.000572, -1.000000
1, 3, 4, -0.199215, 0.082777, 0.069716, -1.000000
1, 3, 5, -0.156687, 0.116160, 0.139629, -1.000000
1, 3, 6, -0.114998, 0.146111, 0.202975, -1.000000
1, 3, 7, -0.472861, 0.076540, -0.182241, -1.000000
1, 3, 8, -0.509664, 0.016478, -0.305060, -1.000000
1, 3, 9, -0.540547, -0.072746, -0.446362, -1.000000
1, 3, 10, -0.540096, -0.137085, -0.508571, -1.000000
1, 4, 1, -0.596510, -0.170888, -0.586104, -1.000000
1, 4, 2, -0.284913, -0.000918, -0.067577, -1.000000
1, 4, 3, -0.242024, 0.029075, -0.002231, -1.000000
1, 4, 4, -0.198766, 0.060757, 0.065278, -1.000000
1, 4, 5, -0.156291, 0.094928, 0.134921, -1.000000
1, 4, 6, -0.114635, 0.126272, 0.199687, -1.000000
1, 4, 7, -0.472512, 0.036406, -0.177160, -1.000000
1, 4, 8, -0.511097, -0.028404, -0.314303, -1.000000
1, 4, 9, -0.540464, -0.112418, -0.450958, -1.000000
1, 4, 10, -0.540016, -0.173203, -0.511040, -1.000000
1, 5, 1, -0.596653, -0.208083, -0.592006, -1.000000
1, 5, 2, -0.282389, -0.021446, -0.069968, -1.000000
1, 5, 3, -0.241620, 0.008338, -0.006083, -1.000000
1, 5, 4, -0.198414, 0.040979, 0.061535, -1.000000
1, 5, 5, -0.155945, 0.075289, 0.130267, -1.000000
1, 5, 6, -0.114523, 0.110738, 0.202017, -1.000000
1, 5, 7, -0.473968, -0.007882, -0.184344, -1.000000
1, 5, 8, -0.511033, -0.069392, -0.317151, -1.000000
1, 5, 9, -0.540365, -0.151418, -0.455770, -1.000000
1, 5, 10, -0.539901, -0.210085, -0.517546, -1.000000
1, 6, 1, -0.514255, -0.220590, -0.547838, -1.000000
1, 6, 2, -0.152739, -0.000274, -0.004882, -1.000000
1, 6, 3, -0.116126, 0.029212, 0.057176, -1.000000
1, 6, 4, -0.076356, 0.061648, 0.123295, -1.000000
1, 6, 5, -0.038473, 0.098689, 0.197379, -1.000000
1, 6, 6, -0.004992, 0.126073, 0.252146, -1.000000
1, 6, 7, -0.103826, 0.054706, -0.008857, -1.000000
1, 6, 8, -0.382583, -0.071750, -0.251340, -1.000000
1, 6, 9, -0.420578, -0.147268, -0.392162, -1.000000
1, 6, 10, -0.419557, -0.195626, -0.454607, -1.000000
1, 7, 1, -0.225366, -0.160008, -0.417769, -1.000000
1, 7, 2, 0.113110, 0.060441, 0.116262, -1.000000
1, 7, 3, 0.141584, 0.088230, 0.175215, -1.000000
1, 7, 4, 0.171028, 0.122397, 0.244794, -1.000000
1, 7, 5, 0.198998, 0.151132, 0.302263, -1.000000
1, 7, 6, 0.222598, 0.178453, 0.356906, -1.000000
1, 7, 7, 0.401861, 0.171872, 0.223664, -1.000000
1, 7, 8, 0.108057, 0.041028, -0.028189, -1.000000
1, 7, 9, -0.182640, -0.098469, -0.284825, -1.000000
1, 7, 10, -0.179563, -0.142962, -0.342870, -1.000000
1, 8, 1, 0.189506, -0.064672, -0.229130, -1.000000
1, 8, 2, 0.380751, 0.121117, 0.237658, -1.000000
1, 8, 3, 0.399787, 0.151059, 0.300697, -1.000000
1, 8, 4, 0.415570, 0.176002, 0.352004, -1.000000
1, 8, 5, 0.439914, 0.206222, 0.412443, -1.000000
1, 8, 6, 0.452220, 0.231045, 0.462089, -1.000000
1, 8, 7, 0.615734, 0.220956, 0.320560, -1.000000
1, 8, 8, 0.595896, 0.152904, 0.193997, -1.000000
1, 8, 9, 0.287618, 0.007442, -0.071161, -1.000000
1, 8, 10, 0.063321, -0.087780, -0.233943, -1.000000
1, 9, 1, 0.605486, 0.030000, -0.042555, -1.000000
1, 9, 2, 0.637642, 0.182199, 0.360050, -1.000000
1, 9, 3, 0.645253, 0.203437, 0.405273, -1.000000
1, 9, 4, 0.655844, 0.229437, 0.458874, -1.000000
1, 9, 5, 0.670408, 0.257717, 0.515435, -1.000000
1, 9, 6, 0.677574, 0.281487, 0.562975, -1.000000
1, 9, 7, 0.773273, 0.254647, 0.385938, -1.000000
1, 9, 8, 0.790658, 0.193713, 0.277473, -1.000000
1, 9, 9, 0.759490, 0.113198, 0.138523, -1.000000
1, 9, 10, 0.554555, 0.022444, -0.015934, -1.000000
1, 10, 1, 0.904636, 0.103430, 0.106136, -1.000000
1, 10, 2, 0.880009, 0.238994, 0.472563, -1.000000
1, 10, 3, 0.883630, 0.261370, 0.520285, -1.000000
1, 10, 4, 0.886747, 0.285129, 0.570259, -1.000000
1, 10, 5, 0.891345, 0.311068, 0.622136, -1.000000
1, 10, 6, 0.893913, 0.333531, 0.667063, -1.000000
1, 10, 7, 0.925785, 0.291217, 0.463763, -1.000000
1, 10, 8, 0.930193, 0.228515, 0.347788, -1.000000
1, 10, 9, 0.938659, 0.156681, 0.225894, -1.000000
1, 10, 10, 0.961961, 0.117188, 0.173524, -1.000000
2, 2, 1, -0.596885, -0.291893, -1.193764, -0.488887
2, 2, 2, -0.286162, -0.112545, -0.572323, -0.082911
2, 2, 3, -0.245684, -0.080126, -0.491369, -0.016884
2, 2, 4, -0.202664, -0.044392, -0.405328, 0.056828
2, 2, 5, -0.155452, -0.003781, -0.310904, 0.150794
2, 2, 6, -0.115611, 0.030230, -0.231222, 0.234061
2, 2, 7, -0.474621, -0.088828, -0.949243, -0.005187
2, 2, 8, -0.511247, -0.156790, -1.022494, -0.174270
2, 2, 9, -0.540137, -0.237873, -1.080275, -0.364258
2, 2, 10, -0.541589, -0.287166, -1.083178, -0.471113
2, 3, 1, -0.596541, -0.317011, -1.193075, -1.000000
2, 3, 2, -0.286101, -0.126025, -0.572202, -1.000000
2, 3, 3, -0.245573, -0.093202, -0.491145, -1.000000
2, 3, 4, -0.200104, -0.055370, -0.400209, -1.000000
2, 3, 5, -0.155026, -0.015690, -0.310053, -1.000000
2, 3, 6, -0.115219, 0.019256, -0.230439, -1.000000
2, 3, 7, -0.474287, -0.119481, -0.948574, -1.000000
2, 3, 8, -0.510907, -0.187166, -1.021815, -1.000000
2, 3, 9, -0.541573, -0.265989, -1.083146, -1.000000
2, 3, 10, -0.541496, -0.312784, -1.082993, -1.000000
2, 4, 1, -0.596191, -0.343567, -1.180087, -1.000000
2, 4, 2, -0.285985, -0.139226, -0.551817, -1.000000
2, 4, 3, -0.243009, -0.104221, -0.466758, -1.000000
2, 4, 4, -0.199655, -0.067021, -0.380345, -1.000000
2, 4, 5, -0.154631, -0.026761, -0.291219, -1.000000
2, 4, 6, -0.114844, 0.009881, -0.212121, -1.000000
2, 4, 7, -0.473947, -0.153746, -0.890224, -1.000000
2, 4, 8, -0.512340, -0.219720, -1.004683, -1.000000
2, 4, 9, -0.541491, -0.294528, -1.064329, -1.000000
2, 4, 10, -0.541415, -0.339164, -1.064085, -1.000000
2, 5, 1, -0.596327, -0.351338, -1.086092, -1.000000
2, 5, 2, -0.283454, -0.107915, -0.426153, -1.000000
2, 5, 3, -0.242607, -0.074160, -0.347730, -1.000000
2, 5, 4, -0.199305, -0.037425, -0.265089, -1.000000
2, 5, 5, -0.154275, 0.002733, -0.180919, -1.000000
2, 5, 6, -0.114751, 0.037108, -0.105273, -1.000000
2, 5, 7, -0.475404, -0.068651, -0.585406, -1.000000
2, 5, 8, -0.512277, -0.211671, -0.847888, -1.000000
2, 5, 9, -0.541389, -0.285443, -0.952282, -1.000000
2, 5, 10, -0.541327, -0.319597, -0.951575, -1.000000
2, 6, 1, -0.595700, -0.265703, -0.832043, -1.000000
2, 6, 2, -0.283949, -0.022871, -0.199767, -1.000000
2, 6, 3, -0.243094, 0.008372, -0.128418, -1.000000
2, 6, 4, -0.199757, 0.043758, -0.054037, -1.000000
2, 6, 5, -0.154973, 0.079302, 0.022325, -1.000000
2, 6, 6, -0.118703, 0.106754, 0.082192, -1.000000
2, 6, 7, -0.476165, 0.083939, -0.180927, -1.000000
2, 6, 8, -0.512931, -0.059214, -0.449931, -1.000000
2, 6, 9, -0.542034, -0.209881, -0.714108, -1.000000
2, 6, 10, -0.542220, -0.249700, -0.746916, -1.000000
2, 7, 1, -0.594779, -0.126981, -0.455604, -1.000000
2, 7, 2, -0.284457, 0.073913, 0.067870, -1.000000
2, 7, 3, -0.243573, 0.104036, 0.130522, -1.000000
2, 7, 4, -0.200460, 0.133799, 0.194283, -1.000000
2, 7, 5, -0.158922, 0.163419, 0.256391, -1.000000
2, 7, 6, -0.119527, 0.189590, 0.311310, -1.000000
2, 7, 7, -0.476858, 0.174276, 0.113595, -1.000000
2, 7, 8, -0.513537, 0.099741, -0.021682, -1.000000
2, 7, 9, -0.542861, -0.052171, -0.297011, -1.000000
2, 7, 10, -0.538595, -0.153265, -0.462178, -1.000000
2, 8, 1, -0.595855, 0.033390, -0.031929, -1.000000
2, 8, 2, -0.284919, 0.185608, 0.366979, -1.000000
2, 8, 3, -0.244251, 0.210340, 0.419211, -1.000000
2, 8, 4, -0.204386, 0.233346, 0.466693, -1.000000
2, 8, 5, -0.159743, 0.262222, 0.524444, -1.000000
2, 8, 6, -0.120237, 0.285645, 0.571290, -1.000000
2, 8, 7, -0.477422, 0.258576, 0.396342, -1.000000
2, 8, 8, -0.514402, 0.199178, 0.287564, -1.000000
2, 8, 9, -0.539517, 0.116883, 0.148698, -1.000000
2, 8, 10, -0.539225, 0.025939, -0.006888, -1.000000
2, 9, 1, -0.596906, 0.106213, 0.113128, -1.000000
2, 9, 2, -0.285600, 0.241465, 0.478395, -1.000000
2, 9, 3, -0.248181, 0.261295, 0.520989, -1.000000
2, 9, 4, -0.205200, 0.285533, 0.571067, -1.000000
2, 9, 5, -0.160457, 0.312258, 0.624515, -1.000000
2, 9, 6, -0.120933, 0.334401, 0.668803, -1.000000
2, 9, 7, -0.478284, 0.291741, 0.461868, -1.000000
2, 9, 8, -0.511055, 0.227615, 0.346979, -1.000000
2, 9, 9, -0.540098, 0.155832, 0.225460, -1.000000
2, 9, 10, -0.539813, 0.117185, 0.174265, -1.000000
2, 10, 1, -0.599164, -0.382226, -2.000000, -1.000000
2, 10, 2, -0.289435, -0.252224, -2.000000, -1.000000
2, 10, 3, -0.248923, -0.231678, -2.000000, -1.000000
2, 10, 4, -0.205906, -0.210664, -2.000000, -1.000000
2, 10, 5, -0.161126, -0.188759, -2.000000, -1.000000
2, 10, 6, -0.121479, -0.170569, -2.000000, -1.000000
2, 10, 7, -0.474935, -0.212638, -2.000000, -1.000000
2, 10, 8, -0.511634, -0.272002, -2.000000, -1.000000
2, 10, 9, -0.540641, -0.340701, -2.000000, -1.000000
2, 10, 10, -0.540337, -0.375646, -2.000000, -1.000000
3, 3, 1, -0.596214, -0.343567, -1.180128, -0.534529
3, 3, 2, -0.286019, -0.139266, -0.551880, -0.131054
3, 3, 3, -0.245460, -0.105892, -0.471414, -0.054335
3, 3, 4, -0.197544, -0.065692, -0.376611, 0.037152
3, 3, 5, -0.154601, -0.026775, -0.290921, 0.130290
3, 3, 6, -0.114816, 0.009878, -0.212063, 0.213213
3, 3, 7, -0.473963, -0.153797, -0.890244, -0.066057
3, 3, 8, -0.510567, -0.219182, -1.001140, -0.229737
3, 3, 9, -0.543008, -0.295264, -1.067368, -0.412806
3, 3, 10, -0.541402, -0.338766, -1.064058, -0.517594
3, 4, 1, -0.595856, -0.352874, -1.085095, -1.000000
3, 4, 2, -0.285902, -0.110920, -0.429532, -1.000000
3, 4, 3, -0.242896, -0.076982, -0.349532, -1.000000
3, 4, 4, -0.197094, -0.038414, -0.262411, -1.000000
3, 4, 5, -0.154193, 0.001535, -0.179553, -1.000000
3, 4, 6, -0.114450, 0.035824, -0.104380, -1.000000
3, 4, 7, -0.473622, -0.069120, -0.581824, -1.000000
3, 4, 8, -0.512000, -0.213278, -0.847352, -1.000000
3, 4, 9, -0.542924, -0.288453, -0.955318, -1.000000
3, 4, 10, -0.541348, -0.321605, -0.951600, -1.000000
3, 5, 1, -0.595978, -0.265698, -0.831007, -1.000000
3, 5, 2, -0.283371, -0.023176, -0.199989, -1.000000
3, 5, 3, -0.242493, 0.008067, -0.128592, -1.000000
3, 5, 4, -0.196734, 0.044637, -0.051206, -1.000000
3, 5, 5, -0.153847, 0.080817, 0.025854, -1.000000
3, 5, 6, -0.114357, 0.111453, 0.092013, -1.000000
3, 5, 7, -0.475079, 0.083844, -0.178613, -1.000000
3, 5, 8, -0.511935, -0.059455, -0.448043, -1.000000
3, 5, 9, -0.542848, -0.211386, -0.715741, -1.000000
3, 5, 10, -0.541232, -0.249691, -0.745331, -1.000000
3, 6, 1, -0.595352, -0.124781, -0.454137, -1.000000
3, 6, 2, -0.283865, 0.075331, 0.067378, -1.000000
3, 6, 3, -0.242959, 0.105445, 0.130048, -1.000000
3, 6, 4, -0.197207, 0.136632, 0.197034, -1.000000
3, 6, 5, -0.154545, 0.169339, 0.265167, -1.000000
3, 6, 6, -0.118309, 0.192820, 0.314736, -1.000000
3, 6, 7, -0.475838, 0.176073, 0.115952, -1.000000
3, 6, 8, -0.512615, 0.101203, -0.020122, -1.000000
3, 6, 9, -0.543467, -0.052030, -0.298867, -1.000000
3, 6, 10, -0.542126, -0.151395, -0.463957, -1.000000
3, 7, 1, -0.594433, 0.033399, -0.029598, -1.000000
3, 7, 2, -0.284353, 0.186119, 0.367771, -1.000000
3, 7, 3, -0.243459, 0.211210, 0.420854, -1.000000
3, 7, 4, -0.197911, 0.238374, 0.476749, -1.000000
3, 7, 5, -0.158495, 0.264024, 0.528049, -1.000000
3, 7, 6, -0.119133, 0.287425, 0.574849, -1.000000
3, 7, 7, -0.476558, 0.260334, 0.401418, -1.000000
3, 7, 8, -0.513196, 0.200742, 0.292600, -1.000000
3, 7, 9, -0.544295, 0.116689, 0.145777, -1.000000
3, 7, 10, -0.538501, 0.025833, -0.005571, -1.000000
3, 8, 1, -0.595490, 0.106621, 0.116320, -1.000000
3, 8, 2, -0.284836, 0.242280, 0.479984, -1.000000
3, 8, 3, -0.244137, 0.265234, 0.528985, -1.000000
3, 8, 4, -0.201838, 0.287631, 0.575263, -1.000000
3, 8, 5, -0.159316, 0.313950, 0.627900, -1.000000
3, 8, 6, -0.119868, 0.336072, 0.672145, -1.000000
3, 8, 7, -0.477096, 0.292164, 0.464533, -1.000000
3, 8, 8, -0.514062, 0.228561, 0.347405, -1.000000
3, 8, 9, -0.540952, 0.155339, 0.225746, -1.000000
3, 8, 10, -0.539133, 0.117990, 0.177263, -1.000000
3, 9, 1, -0.596562, -0.386253, -2.000000, -1.000000
3, 9, 2, -0.285517, -0.255818, -2.000000, -1.000000
3, 9, 3, -0.248068, -0.237301, -2.000000, -1.000000
3, 9, 4, -0.202651, -0.215698, -2.000000, -1.000000
3, 9, 5, -0.160055, -0.194040, -2.000000, -1.000000
3, 9, 6, -0.120539, -0.175904, -2.000000, -1.000000
3, 9, 7, -0.477959, -0.218241, -2.000000, -1.000000
3, 9, 8, -0.510715, -0.278647, -2.000000, -1.000000
3, 9, 9, -0.541534, -0.348220, -2.000000, -1.000000
3, 9, 10, -0.539699, -0.382327, -2.000000, -1.000000
3, 10, 1, -0.598823, -0.426009, -2.000000, -1.000000
3, 10, 2, -0.289352, -0.307973, -2.000000, -1.000000
3, 10, 3, -0.248811, -0.290528, -2.000000, -1.000000
3, 10, 4, -0.203381, -0.272231, -2.000000, -1.000000
3, 10, 5, -0.160698, -0.254211, -2.000000, -1.000000
3, 10, 6, -0.121086, -0.239032, -2.000000, -1.000000
3, 10, 7, -0.474609, -0.269267, -2.000000, -1.000000
3, 10, 8, -0.511295, -0.324425, -2.000000, -1.000000
3, 10, 9, -0.542057, -0.382712, -2.000000, -1.000000
3, 10, 10, -0.540246, -0.420232, -2.000000, -1.000000
4, 4, 1, -0.595485, -0.263702, -0.829912, -0.583215
4, 4, 2, -0.285785, -0.022238, -0.201987, -0.159494
4, 4, 3, -0.240332, 0.009335, -0.128367, -0.075508
4, 4, 4, -0.196633, 0.046322, -0.050931, 0.014030
4, 4, 5, -0.153795, 0.082815, 0.026924, 0.109385
4, 4, 6, -0.114085, 0.113365, 0.092929, 0.192970
4, 4, 7, -0.473283, 0.086616, -0.175100, -0.133145
4, 4, 8, -0.513431, -0.059090, -0.451036, -0.288375
4, 4, 9, -0.542865, -0.209848, -0.715694, -0.466658
4, 4, 10, -0.541266, -0.248084, -0.745351, -0.567448
4, 5, 1, -0.595607, -0.124371, -0.452836, -1.000000
4, 5, 2, -0.283253, 0.075786, 0.068039, -1.000000
4, 5, 3, -0.239918, 0.105900, 0.131414, -1.000000
4, 5, 4, -0.196281, 0.137091, 0.197964, -1.000000
4, 5, 5, -0.153449, 0.170984, 0.268497, -1.000000
4, 5, 6, -0.113992, 0.197680, 0.324478, -1.000000
4, 5, 7, -0.474737, 0.176299, 0.118144, -1.000000
4, 5, 8, -0.513391, 0.099920, -0.021689, -1.000000
4, 5, 9, -0.542763, -0.052189, -0.297409, -1.000000
4, 5, 10, -0.541150, -0.150770, -0.462407, -1.000000
4, 6, 1, -0.594984, 0.034128, -0.027553, -1.000000
4, 6, 2, -0.283726, 0.186754, 0.368992, -1.000000
4, 6, 3, -0.240406, 0.211891, 0.422460, -1.000000
4, 6, 4, -0.196756, 0.239378, 0.478756, -1.000000
4, 6, 5, -0.154149, 0.268640, 0.537279, -1.000000
4, 6, 6, -0.117943, 0.289479, 0.578959, -1.000000
4, 6, 7, -0.475523, 0.261579, 0.406015, -1.000000
4, 6, 8, -0.514046, 0.199620, 0.291603, -1.000000
4, 6, 9, -0.543383, 0.116739, 0.147751, -1.000000
4, 6, 10, -0.542043, 0.026541, -0.006131, -1.000000
4, 7, 1, -0.594044, 0.107119, 0.119813, -1.000000
4, 7, 2, -0.284235, 0.243179, 0.481737, -1.000000
4, 7, 3, -0.240906, 0.266757, 0.532269, -1.000000
4, 7, 4, -0.197461, 0.292149, 0.584298, -1.000000
4, 7, 5, -0.158097, 0.315817, 0.631634, -1.000000
4, 7, 6, -0.118792, 0.337927, 0.675854, -1.000000
4, 7, 7, -0.476217, 0.292868, 0.467648, -1.000000
4, 7, 8, -0.514626, 0.228786, 0.349100, -1.000000
4, 7, 9, -0.544211, 0.156869, 0.227194, -1.000000
4, 7, 10, -0.538420, 0.118031, 0.178714, -1.000000
4, 8, 1, -0.595123, -0.386139, -2.000000, -1.000000
4, 8, 2, -0.284718, -0.254724, -2.000000, -1.000000
4, 8, 3, -0.241586, -0.233324, -2.000000, -1.000000
4, 8, 4, -0.201386, -0.213959, -2.000000, -1.000000
4, 8, 5, -0.158944, -0.192389, -2.000000, -1.000000
4, 8, 6, -0.119502, -0.174273, -2.000000, -1.000000
4, 8, 7, -0.476756, -0.217934, -2.000000, -1.000000
4, 8, 8, -0.515493, -0.279058, -2.000000, -1.000000
4, 8, 9, -0.540869, -0.348743, -2.000000, -1.000000
4, 8, 10, -0.539031, -0.381852, -2.000000, -1.000000
4, 9, 1, -0.596196, -0.424211, -2.000000, -1.000000
4, 9, 2, -0.285400, -0.306135, -2.000000, -1.000000
4, 9, 3, -0.245516, -0.290023, -2.000000, -1.000000
4, 9, 4, -0.202225, -0.271755, -2.000000, -1.000000
4, 9, 5, -0.159657, -0.253758, -2.000000, -1.000000
4, 9, 6, -0.120173, -0.238607, -2.000000, -1.000000
4, 9, 7, -0.477619, -0.269781, -2.000000, -1.000000
4, 9, 8, -0.512148, -0.326010, -2.000000, -1.000000
4, 9, 9, -0.541432, -0.383661, -2.000000, -1.000000
4, 9, 10, -0.539621, -0.421069, -2.000000, -1.000000
4, 10, 1, -0.598458, -0.467982, -2.000000, -1.000000
4, 10, 2, -0.289236, -0.364353, -2.000000, -1.000000
4, 10, 3, -0.246282, -0.350816, -2.000000, -1.000000
4, 10, 4, -0.202930, -0.336220, -2.000000, -1.000000
4, 10, 5, -0.160301, -0.320872, -2.000000, -1.000000
4, 10, 6, -0.120720, -0.308640, -2.000000, -1.000000
4, 10, 7, -0.474271, -0.324567, -2.000000, -1.000000
4, 10, 8, -0.512708, -0.369606, -2.000000, -1.000000
4, 10, 9, -0.541976, -0.428224, -2.000000, -1.000000
4, 10, 10, -0.540168, -0.463086, -2.000000, -1.000000
5, 5, 1, -0.595732, 0.033969, -0.027394, -0.640705
5, 5, 2, -0.280711, 0.187678, 0.371112, -0.182882
5, 5, 3, -0.239515, 0.212595, 0.423861, -0.102636
5, 5, 4, -0.195931, 0.239693, 0.479387, -0.010965
5, 5, 5, -0.153103, 0.269829, 0.539658, 0.084399
5, 5, 6, -0.113900, 0.293773, 0.587547, 0.169290
5, 5, 7, -0.476217, 0.260394, 0.404746, -0.198756
5, 5, 8, -0.513325, 0.199537, 0.293033, -0.353518
5, 5, 9, -0.542661, 0.116653, 0.149188, -0.527671
5, 5, 10, -0.541033, 0.026902, -0.004598, -0.623850
5, 6, 1, -0.595078, 0.107844, 0.121535, -1.000000
5, 6, 2, -0.281206, 0.244940, 0.485545, -1.000000
5, 6, 3, -0.240003, 0.268158, 0.535069, -1.000000
5, 6, 4, -0.196406, 0.293527, 0.587055, -1.000000
5, 6, 5, -0.153802, 0.320525, 0.641050, -1.000000
5, 6, 6, -0.117876, 0.339933, 0.679865, -1.000000
5, 6, 7, -0.476977, 0.293411, 0.469749, -1.000000
5, 6, 8, -0.513980, 0.230173, 0.353456, -1.000000
5, 6, 9, -0.543281, 0.157414, 0.230031, -1.000000
5, 6, 10, -0.541929, 0.118722, 0.178797, -1.000000
5, 7, 1, -0.594173, -0.386377, -2.000000, -1.000000
5, 7, 2, -0.281716, -0.253609, -2.000000, -1.000000
5, 7, 3, -0.240505, -0.232183, -2.000000, -1.000000
5, 7, 4, -0.197110, -0.210554, -2.000000, -1.000000
5, 7, 5, -0.157776, -0.190982, -2.000000, -1.000000
5, 7, 6, -0.118699, -0.173201, -2.000000, -1.000000
5, 7, 7, -0.477672, -0.219577, -2.000000, -1.000000
5, 7, 8, -0.514561, -0.279202, -2.000000, -1.000000
5, 7, 9, -0.544111, -0.347763, -2.000000, -1.000000
5, 7, 10, -0.538285, -0.381616, -2.000000, -1.000000
5, 8, 1, -0.595253, -0.432087, -2.000000, -1.000000
5, 8, 2, -0.282200, -0.312360, -2.000000, -1.000000
5, 8, 3, -0.241183, -0.294245, -2.000000, -1.000000
5, 8, 4, -0.201061, -0.277746, -2.000000, -1.000000
5, 8, 5, -0.158596, -0.259746, -2.000000, -1.000000
5, 8, 6, -0.119409, -0.244828, -2.000000, -1.000000
5, 8, 7, -0.478210, -0.278145, -2.000000, -1.000000
5, 8, 8, -0.515429, -0.333494, -2.000000, -1.000000
5, 8, 9, -0.540750, -0.391310, -2.000000, -1.000000
5, 8, 10, -0.538919, -0.428616, -2.000000, -1.000000
5, 9, 1, -0.596325, -0.467728, -2.000000, -1.000000
5, 9, 2, -0.282881, -0.362973, -2.000000, -1.000000
5, 9, 3, -0.245138, -0.350845, -2.000000, -1.000000
5, 9, 4, -0.201874, -0.336208, -2.000000, -1.000000
5, 9, 5, -0.159310, -0.320829, -2.000000, -1.000000
5, 9, 6, -0.120080, -0.308835, -2.000000, -1.000000
5, 9, 7, -0.479075, -0.325412, -2.000000, -1.000000
5, 9, 8, -0.512065, -0.371556, -2.000000, -1.000000
5, 9, 9, -0.541334, -0.430167, -2.000000, -1.000000
5, 9, 10, -0.539508, -0.464179, -2.000000, -1.000000
5, 10, 1, -0.598584, -0.508792, -2.000000, -1.000000
5, 10, 2, -0.286740, -0.421462, -2.000000, -1.000000
5, 10, 3, -0.245879, -0.411424, -2.000000, -1.000000
5, 10, 4, -0.202579, -0.400721, -2.000000, -1.000000
5, 10, 5, -0.159954, -0.388494, -2.000000, -1.000000
5, 10, 6, -0.120627, -0.378850, -2.000000, -1.000000
5, 10, 7, -0.475708, -0.368927, -2.000000, -1.000000
5, 10, 8, -0.512647, -0.416910, -2.000000, -1.000000
5, 10, 9, -0.541878, -0.472187, -2.000000, -1.000000
5, 10, 10, -0.540055, -0.503898, -2.000000, -1.000000
6, 6, 1, -0.594466, -0.386131, -2.000000, -0.677939
6, 6, 2, -0.281702, -0.253614, -2.000000, -0.200001
6, 6, 3, -0.240493, -0.232219, -2.000000, -0.113561
6, 6, 4, -0.196879, -0.210302, -2.000000, -0.019425
6, 6, 5, -0.154527, -0.188677, -2.000000, 0.076606
6, 6, 6, -0.121827, -0.175211, -2.000000, 0.149949
6, 6, 7, -0.477738, -0.220562, -2.000000, -0.248890
6, 6, 8, -0.514636, -0.279301, -2.000000, -0.397634
6, 6, 9, -0.543905, -0.347155, -2.000000, -0.566643
6, 6, 10, -0.542783, -0.381941, -2.000000, -0.662624
6, 7, 1, -0.593566, -0.433374, -2.000000, -1.000000
6, 7, 2, -0.282213, -0.312485, -2.000000, -1.000000
6, 7, 3, -0.240992, -0.294107, -2.000000, -1.000000
6, 7, 4, -0.197610, -0.275533, -2.000000, -1.000000
6, 7, 5, -0.158476, -0.259536, -2.000000, -1.000000
6, 7, 6, -0.122651, -0.246688, -2.000000, -1.000000
6, 7, 7, -0.478433, -0.278428, -2.000000, -1.000000
6, 7, 8, -0.515221, -0.334678, -2.000000, -1.000000
6, 7, 9, -0.544695, -0.392092, -2.000000, -1.000000
6, 7, 10, -0.539184, -0.429233, -2.000000, -1.000000
6, 8, 1, -0.594646, -0.469301, -2.000000, -1.000000
6, 8, 2, -0.282695, -0.363635, -2.000000, -1.000000
6, 8, 3, -0.241697, -0.349657, -2.000000, -1.000000
6, 8, 4, -0.201536, -0.336519, -2.000000, -1.000000
6, 8, 5, -0.159297, -0.321340, -2.000000, -1.000000
6, 8, 6, -0.123361, -0.311131, -2.000000, -1.000000
6, 8, 7, -0.478975, -0.325493, -2.000000, -1.000000
6, 8, 8, -0.516050, -0.371477, -2.000000, -1.000000
6, 8, 9, -0.541376, -0.431821, -2.000000, -1.000000
6, 8, 10, -0.539818, -0.466089, -2.000000, -1.000000
6, 9, 1, -0.595712, -0.507880, -2.000000, -1.000000
6, 9, 2, -0.283402, -0.420576, -2.000000, -1.000000
6, 9, 3, -0.245627, -0.411794, -2.000000, -1.000000
6, 9, 4, -0.202349, -0.401031, -2.000000, -1.000000
6, 9, 5, -0.160011, -0.388976, -2.000000, -1.000000
6, 9, 6, -0.124033, -0.380899, -2.000000, -1.000000
6, 9, 7, -0.479801, -0.368743, -2.000000, -1.000000
6, 9, 8, -0.512728, -0.417413, -2.000000, -1.000000
6, 9, 9, -0.541961, -0.472812, -2.000000, -1.000000
6, 9, 10, -0.540408, -0.505339, -2.000000, -1.000000
6, 10, 1, -0.597991, -0.539351, -2.000000, -1.000000
6, 10, 2, -0.287237, -0.472332, -2.000000, -1.000000
6, 10, 3, -0.246369, -0.465336, -2.000000, -1.000000
6, 10, 4, -0.203055, -0.457944, -2.000000, -1.000000
6, 10, 5, -0.160655, -0.449718, -2.000000, -1.000000
6, 10, 6, -0.124544, -0.437508, -2.000000, -1.000000
6, 10, 7, -0.476476, -0.408624, -2.000000, -1.000000
6, 10, 8, -0.513309, -0.453130, -2.000000, -1.000000
6, 10, 9, -0.542505, -0.504547, -2.000000, -1.000000
6, 10, 10, -0.540954, -0.534707, -2.000000, -1.000000
7, 7, 1, -0.592673, -0.476716, -2.000000, -0.693884
7, 7, 2, -0.282721, -0.370557, -2.000000, -0.143395
7, 7, 3, -0.241518, -0.356297, -2.000000, -0.059071
7, 7, 4, -0.198315, -0.341577, -2.000000, 0.034141
7, 7, 5, -0.162425, -0.329707, -2.000000, 0.115691
7, 7, 6, -0.123475, -0.317997, -2.000000, 0.197998
7, 7, 7, -0.479132, -0.331784, -2.000000, -0.086493
7, 7, 8, -0.515766, -0.377709, -2.000000, -0.389294
7, 7, 9, -0.545528, -0.437912, -2.000000, -0.554834
7, 7, 10, -0.535586, -0.474056, -2.000000, -0.627751
7, 8, 1, -0.593749, -0.502295, -2.000000, -1.000000
7, 8, 2, -0.283230, -0.414321, -2.000000, -1.000000
7, 8, 3, -0.242197, -0.403931, -2.000000, -1.000000
7, 8, 4, -0.202241, -0.394686, -2.000000, -1.000000
7, 8, 5, -0.163247, -0.384186, -2.000000, -1.000000
7, 8, 6, -0.124186, -0.374794, -2.000000, -1.000000
7, 8, 7, -0.479635, -0.362547, -2.000000, -1.000000
7, 8, 8, -0.516638, -0.410942, -2.000000, -1.000000
7, 8, 9, -0.542209, -0.467044, -2.000000, -1.000000
7, 8, 10, -0.536220, -0.499753, -2.000000, -1.000000
7, 9, 1, -0.594820, -0.537980, -2.000000, -1.000000
7, 9, 2, -0.283912, -0.470891, -2.000000, -1.000000
7, 9, 3, -0.246129, -0.464920, -2.000000, -1.000000
7, 9, 4, -0.203055, -0.457708, -2.000000, -1.000000
7, 9, 5, -0.163962, -0.450802, -2.000000, -1.000000
7, 9, 6, -0.124822, -0.437546, -2.000000, -1.000000
7, 9, 7, -0.480503, -0.408432, -2.000000, -1.000000
7, 9, 8, -0.513316, -0.453627, -2.000000, -1.000000
7, 9, 9, -0.542794, -0.504993, -2.000000, -1.000000
7, 9, 10, -0.536809, -0.535424, -2.000000, -1.000000
7, 10, 1, -0.513758, -0.578333, -2.000000, -1.000000
7, 10, 2, -0.157192, -0.538482, -2.000000, -1.000000
7, 10, 3, -0.120447, -0.534200, -2.000000, -1.000000
7, 10, 4, -0.080830, -0.529979, -2.000000, -1.000000
7, 10, 5, -0.045986, -0.518957, -2.000000, -1.000000
7, 10, 6, -0.009816, -0.515243, -2.000000, -1.000000
7, 10, 7, -0.108885, -0.478380, -2.000000, -1.000000
7, 10, 8, -0.384232, -0.500967, -2.000000, -1.000000
7, 10, 9, -0.422164, -0.549404, -2.000000, -1.000000
7, 10, 10, -0.418457, -0.580176, -2.000000, -1.000000
8, 8, 1, -0.594827, -0.537885, -2.000000, -0.517812
8, 8, 2, -0.283713, -0.470692, -2.000000, 0.024467
8, 8, 3, -0.242878, -0.463614, -2.000000, 0.093480
8, 8, 4, -0.206168, -0.458790, -2.000000, 0.159570
8, 8, 5, -0.164069, -0.450829, -2.000000, 0.237071
8, 8, 6, -0.124862, -0.437540, -2.000000, 0.304855
8, 8, 7, -0.480181, -0.408423, -2.000000, 0.218422
8, 8, 8, -0.517509, -0.453401, -2.000000, -0.084875
8, 8, 9, -0.538890, -0.505707, -2.000000, -0.405024
8, 8, 10, -0.536853, -0.535394, -2.000000, -0.483349
8, 9, 1, -0.511699, -0.576497, -2.000000, -1.000000
8, 9, 2, -0.153788, -0.537261, -2.000000, -1.000000
8, 9, 3, -0.120409, -0.533980, -2.000000, -1.000000
8, 9, 4, -0.083983, -0.530808, -2.000000, -1.000000
8, 9, 5, -0.046138, -0.518963, -2.000000, -1.000000
8, 9, 6, -0.009955, -0.515251, -2.000000, -1.000000
8, 9, 7, -0.109730, -0.478075, -2.000000, -1.000000
8, 9, 8, -0.387487, -0.501194, -2.000000, -1.000000
8, 9, 9, -0.421286, -0.550164, -2.000000, -1.000000
8, 9, 10, -0.415036, -0.580387, -2.000000, -1.000000
8, 10, 1, -0.223377, -0.639392, -2.000000, -1.000000
8, 10, 2, 0.109693, -0.625184, -2.000000, -1.000000
8, 10, 3, 0.137849, -0.623183, -2.000000, -1.000000
8, 10, 4, 0.164363, -0.615157, -2.000000, -1.000000
8, 10, 5, 0.195534, -0.611809, -2.000000, -1.000000
8, 10, 6, 0.220261, -0.610054, -2.000000, -1.000000
8, 10, 7, 0.397743, -0.587340, -2.000000, -1.000000
8, 10, 8, 0.104057, -0.586988, -2.000000, -1.000000
8, 10, 9, -0.185194, -0.612833, -2.000000, -1.000000
8, 10, 10, -0.174546, -0.643939, -2.000000, -1.000000
9, 9, 1, -0.219502, -0.637957, -2.000000, -0.239178
9, 9, 2, 0.112768, -0.624382, -2.000000, 0.183409
9, 9, 3, 0.134754, -0.623778, -2.000000, 0.234416
9, 9, 4, 0.164403, -0.615147, -2.000000, 0.297966
9, 9, 5, 0.195523, -0.611797, -2.000000, 0.366200
9, 9, 6, 0.220168, -0.610063, -2.000000, 0.421148
9, 9, 7, 0.399576, -0.587176, -2.000000, 0.369004
9, 9, 8, 0.099261, -0.587148, -2.000000, 0.211619
9, 9, 9, -0.185235, -0.613052, -2.000000, -0.095143
9, 9, 10, -0.171080, -0.644179, -2.000000, -0.290725
9, 10, 1, 0.191966, -0.732653, -2.000000, -1.000000
9, 10, 2, 0.377921, -0.732845, -2.000000, -1.000000
9, 10, 3, 0.394037, -0.726003, -2.000000, -1.000000
9, 10, 4, 0.413067, -0.724937, -2.000000, -1.000000
9, 10, 5, 0.437502, -0.723459, -2.000000, -1.000000
9, 10, 6, 0.450523, -0.722695, -2.000000, -1.000000
9, 10, 7, 0.615047, -0.712756, -2.000000, -1.000000
9, 10, 8, 0.591091, -0.711065, -2.000000, -1.000000
9, 10, 9, 0.283901, -0.712763, -2.000000, -1.000000
9, 10, 10, 0.069444, -0.726740, -2.000000, -1.000000
10, 10, 1, 0.600344, -0.858254, -2.000000, 0.053668
10, 10, 2, 0.632910, -0.853996, -2.000000, 0.353375
10, 10, 3, 0.643634, -0.853716, -2.000000, 0.401858
10, 10, 4, 0.654267, -0.853474, -2.000000, 0.452343
10, 10, 5, 0.668927, -0.853117, -2.000000, 0.509212
10, 10, 6, 0.676590, -0.852918, -2.000000, 0.555805
10, 10, 7, 0.772011, -0.850445, -2.000000, 0.508736
10, 10, 8, 0.790420, -0.850101, -2.000000, 0.388889
10, 10, 9, 0.756075, -0.849438, -2.000000, 0.224817
10, 10, 10, 0.559145, -0.847636, -2.000000, 0.051580
Total probability   = 	1.000000
Game Expected Value = 	0.006847
Hard Totals
2+3	H,H,H,H,H,H,H,H,H,H
2+4	H,H,H,H,H,H,H,H,H,H
2+5	H,H,H,H,H,H,H,H,H,H
2+6	H,H,H,H,H,H,H,H,H,H
2+7	H,D,D,D,D,H,H,H,H,H
2+8	D,D,D,D,D,D,D,D,H,H
2+9	D,D,D,D,D,D,D,D,D,D
2+10	H,H,S,S,S,H,H,H,H,H
3+4	H,H,H,H,H,H,H,H,H,H
3+5	H,H,H,H,H,H,H,H,H,H
3+6	H,D,D,D,D,H,H,H,H,H
3+7	D,D,D,D,D,D,D,D,H,H
3+8	D,D,D,D,D,D,D,D,D,D
3+9	H,H,S,S,S,H,H,H,H,H
3+10	S,S,S,S,S,H,H,H,H,H
4+5	H,D,D,D,D,H,H,H,H,H
4+6	D,D,D,D,D,D,D,D,H,H
4+7	D,D,D,D,D,D,D,D,D,D
4+8	H,H,S,S,S,H,H,H,H,H
4+9	S,S,S,S,S,H,H,H,H,H
4+10	S,S,S,S,S,H,H,H,H,H
5+6	D,D,D,D,D,D,D,D,D,D
5+7	H,H,S,S,S,H,H,H,H,H
5+8	S,S,S,S,S,H,H,H,H,H
5+9	S,S,S,S,S,H,H,H,H,H
5+10	S,S,S,S,S,H,H,H,R,R
6+7	S,S,S,S,S,H,H,H,H,H
6+8	S,S,S,S,S,H,H,H,H,H
6+9	S,S,S,S,S,H,H,H,R,R
6+10	S,S,S,S,S,H,H,R,R,R
7+8	S,S,S,S,S,H,H,H,H,R
7+9	S,S,S,S,S,H,H,R,R,R
7+10	S,S,S,S,S,S,S,S,S,R
8+9	S,S,S,S,S,S,S,S,S,R
8+10	S,S,S,S,S,S,S,S,S,S
9+10	S,S,S,S,S,S,S,S,S,S
Soft Totals
1+2	H,H,H,D,D,H,H,H,H,H
1+3	H,H,H,D,D,H,H,H,H,H
1+4	H,H,D,D,D,H,H,H,H,H
1+5	H,H,D,D,D,H,H,H,H,H
1+6	H,D,D,D,D,H,H,H,H,H
1+7	D,D,D,D,D,S,S,H,H,H
1+8	S,S,S,S,D,S,S,S,S,S
1+9	S,S,S,S,S,S,S,S,S,S
1+10	S,S,S,S,S,S,S,S,S,S
Pairs
1+1	P,P,P,P,P,P,P,P,P,P
2+2	P,P,P,P,P,P,H,H,H,H
3+3	P,P,P,P,P,P,H,H,H,H
4+4	H,H,H,P,P,H,H,H,H,H
5+5	D,D,D,D,D,D,D,D,H,H
6+6	P,P,P,P,P,H,H,H,H,H
7+7	P,P,P,P,P,P,H,H,H,H
8+8	P,P,P,P,P,P,P,P,P,R
9+9	P,P,P,P,P,S,P,P,S,S
10+10	S,S,S,S,S,S,S,S,S,S
